858481
481998
387994
869365
637793
106904
747776
276536
106179
911521
299359
714966
174357
837323
474795
94903
874476
929869
462661
109906
178582
1207
93759
52013
750526
374733
265597
697288
924963
192229
303573
204498
52364
440173
452358
417339
484191
875006
332996
146060
960779
36629
887507
383878
799406
765843
14783
19643
645290
788466
987833
154617
234720
961198
440898
455816
535775
330649
48090
752639
787923
10059
802416
804288
43482
338279
134189
400065
688412
548292
275762
472400
108053
859750
954733
160599
700589
895819
338204
825160
691367
551848
755407
134774
153492
378211
686155
482073
212896
988952
168352
271066
545853
597626
613579
656189
833206
839407
468131
232651
862698
726277
660812
282433
188747
592900
879783
103329
281484
786085
442432
813520
486242
69531
276692
318450
815977
402456
696259
34231
894094
771302
657618
409964
75507
390643
75728
261454
842209
17634
366076
938613
867798
785519
6467
679658
325252
16755
808536
405479
258028
33970
667078
953226
389676
500201
723882
845190
873058
953336
805313
541633
889912
271685
350914
511019
485772
634411
932981
7450
517859
68181
880780
890426
647450
449577
401456
559907
868185
329487
496965
92919
642026
470773
756617
785189
748510
449697
930324
546856
456102
254529
75851
930777
841242
880592
654026
81936
474939
625688
270163
16626
414391
382827
764174
843547
148595
517518
337665
432551
902422
531756
844777
36747
415053
273839
885378
404609
474251
486
192531
822997
807331
711197
446843
593572
512996
93801
34402
867618
863035
487123
689819
675172
154731
810545
609596
12097
351199
948285
72443
370996
437547
226284
959221
814870
164690
137675
510693
317682
878406
258461
830974
121434
683699
103162
98424
365379
324821
562381
140064
752547
543750
624108
81293
493344
937472
96334
537399
541474
113298
407796
96067
467335
652557
553615
795958
683820
685945
910195
555904
694226
834071
607974
352321
768738
752443
131714
720019
78696
315410
361993
342458
51738
278164
298164
767101
969248
821843
614302
195685
751614
521184
18281
591322
114032
392783
431910
696532
282690
172264
985068
897542
865448
392619
825913
453754
362268
542187
965093
248039
619768
755483
734551
409819
598506
305212
478137
261077
40057
678725
622091
14547
180651
346734
193916
857933
336754
901932
975419
406663
115415
10955
775018
648205
117015
251815
253554
534596
609526
904533
424731
931921
343104
668906
80484
604224
382517
608495
250225
465497
54304
864101
707185
633725
275434
351270
168123
3969
81580
485111
948937
991395
500923
49318
125531
499333
416492
362140
449852
320093
760868
279414
130036
393389
412725
281045
48189
410836
49499
482217
753171
789718
169898
97583
672191
60321
153894
294246
867384
756045
412689
818188
82315
657302
976791
733755
352195
350990
278418
134891
593429
64564
199811
757272
834438
652956
392742
776854
943102
406189
324425
888891
685272
740631
541917
549523
197478
462215
162844
437914
636195
435378
660180
865572
322450
761110
72384
618459
80357
797904
474601
355641
506119
45796
520085
495403
382361
30308
889632
878426
570034
143522
359276
846497
162523
995750
255453
558618
727982
424367
120017
508524
145806
458348
827897
30225
590477
357963
80997
813809
204816
516505
859563
300434
191807
441693
25812
89559
553695
846298
496336
669985
371857
63830
762205
855714
427492
434500
834151
721589
78386
474258
437899
805012
27416
660829
806668
556319
495748
386909
6113
837636
548514
719765
781823
802242
841809
850362
986686
564873
549026
312146
971519
791016
605142
574170
726679
246863
414031
697674
505446
525491
787248
463851
200077
86025
154866
364116
203959
729797
577986
537732
118227
559984
273169
609256
25225
594637
571040
224174
877169
981955
302835
744554
317444
772394
428542
160135
772034
358091
551540
733679
426236
240766
349687
983578
603196
137437
699800
737149
668570
156323
707873
25515
720138
735918
309617
810466
197190
351869
184906
336165
233730
359635
900283
237093
3642
876328
64030
78252
996060
177072
558266
72810
100158
980847
267475
868762
446922
302379
435012
997301
279937
774335
981037
517667
556029
333574
853281
719374
308121
748709
698628
943878
923370
379853
503262
83604
239849
100025
973701
984915
863819
138017
642598
488974
677277
859176
697830
564418
330648
675252
334693
187328
473898
513876
211785
852291
50735
86924
872258
882803
526005
182353
347093
491714
737350
390066
815143
32645
999303
197690
583542
996652
25917
514169
636804
553247
999833
20583
170829
100211
614705
483110
262141
76636
870803
170360
135023
967943
63236
414729
950915
28059
790311
960752
313311
361533
642727
235246
483951
191411
215895
981254
209738
752223
991809
806173
18727
306804
202140
782947
873371
518004
345491
726305
63962
868489
641230
494630
371127
846072
370959
125631
516798
960729
563379
4668
427800
737013
887555
156736
18295
138361
553688
327837
58174
862942
454994
460654
748509
680650
620484
819097
976638
729595
176815
21582
800769
825381
39066
938756
106894
416002
804979
695972
796961
191996
569792
388106
31425
143133
136942
983264
29449
12535
634196
376541
768322
451618
519160
338065
484968
917362
953421
938003
705654
725315
683981
41118
221346
164654
106557
56192
478341
793605
542204
458709
75928
222410
498174
924238
873501
718612
914757
608402
721658
592310
721740
442330
481673
984134
616029
982844
303572
508675
980235
871889
741009
352802
451517
707613
287864
711039
260513
355508
176067
781364
101167
343092
397766
674682
951171
127545
837471
175385
742633
2940
116310
164282
220754
908620
618771
234543
627820
365234
698030
759667
123463
998257
412383
778815
439537
518728
31816
736032
899344
796097
521705
61279
238431
110378
113910
856425
255596
794078
545211
805147
823608
597436
692569
988460
673561
975139
979348
311783
884032
36327
608533
571965
979088
346710
255794
497629
961890
241393
775483
532233
215438
148124
328986
926442
8939
73555
983228
884832
257964
739853
815201
90169
459819
907265
176215
335841
393006
484319
168182
826843
654340
562160
227279
359793
35443
921722
552687
620674
263613
807382
414521
863160
188762
612205
84552
49594
712818
959098
308517
56947
327379
865668
107433
379392
407483
586425
139072
918951
14727
779373
533014
72746
998067
760722
202191
96528
166999
183307
665079
857090
482633
141596
271225
354938
801959
311918
908815
604433
916055
584568
861038
30102
967143
805640
318406
816465
356045
141559
270976
162195
655945
749958
688696
803766
139727
886028
283535
495133
110122
743771
443054
547906
398111
660565
483594
448498
164012
817283
341256
242261
162481
687249
145087
474689
38318
737015
302089
229189
889035
951916
15852
396647
348806
807233
935226
646568
922609
48101
221815
789982
817710
990617
311770
882202
573619
935116
784464
496240
747487
226897
300666
68517
571584
589698
562500
873793
997802
117066
779761
590315
648577
292600
244659
543758
376769
659171
455710
640495
142560
446330
153408
274377
602287
37313
198003
168736
141664
541039
734710
116156
498846

